
***************************************************DEBUG RELEASE*****************************************************************
Wed Jun 29 13:54:50 2016
	0		 0			 1		1		  1			1		1			  1		1		1		0050		0025			000
CTscanDlg::SendMsgToPAM Client = 0 is not connected

rc = stSCM[ePAM_Server].pSCM->SendPacketToPAM

	0		 0			 1		1		  1			1		1			  1		1		1		0050		0025			000
CTscanDlg::SendMsgToPAM Client = 0 is not connected

rc = stSCM[ePAM_Server].pSCM->SendPacketToPAM

	0		 0			 1		1		  1			1		1			  1		1		1		0050		0025			000
CTscanDlg::SendMsgToPAM Client = 0 is not connected

rc = stSCM[ePAM_Server].pSCM->SendPacketToPAM


***************************************************DEBUG*************************************************************************
Wed Jun 29 14:19:18 2016

***************************************************DEBUG*************************************************************************
Wed Jun 29 14:21:19 2016
	0		 0			 1		2		 50			2		1			 40		1		2		0600		0100			025
	0		 0			 2		3		 46			3		1			 40		1		2		0720		0113			034
	0		 0			 3		1		 30			1		1			 40		1		0		0720		0113			034
	0		 0			 4		2		 34			2		2			 35		2		0		0720		0113			034
	0		 0			 4		2		 34			2		2			 35		2		0		0720		0113			034
CTscanDlg::SendMsgToPAM No Valid ClientConnection for client = 0


***************************************************DEBUG*************************************************************************
Thu Jun 30 09:23:09 2016
	0		 0			 1		1		  0			1		1			  0		1		1		0050		0025			000
	0		 0			 1		1		  0			1		1			  0		1		1		0050		0025			000
	0		 0			 1		1		  0			1		1			  0		1		1		0050		0025			000
	0		 0			 1		1		  0			1		1			  0		1		1		0050		0025			000
	0		 0			 1		1		  0			1		1			  0		1		1		0050		0025			000
	0		 0			 1		1		  0			1		1			  0		1		1		0050		0025			000
	0		 0			 1		1		  0			1		1			  0		1		1		0050		0025			000
	0		 0			 1		1		  0			1		1			  0		1		1		0050		0025			000
	0		 0			 1		1		  0			1		1			  0		1		1		0050		0025			000
	0		 0			 1		1		  0			1		1			  0		1		1		0050		0025			000
	0		 0			 1		1		  0			1		1			  0		1		1		0050		0025			000
	0		 0			 1		1		  0			1		1			  0		1		1		0050		0025			000
	0		 0			 1		1		  0			1		1			  0		1		1		0050		0025			000
CTscanDlg::SendMsgToPAM No Valid ClientConnection for client = 0

